2.296	6.58	2256.656	9760	-101.7	-98.7	235	236	1.995262315			
2.456	5.54	2256.644	12450	-102	-99.4	237	238	1.819700859			
2.596	5.95	2256.648	13680	-101.2	-97.3	239	240	2.454708916			
2.759	5.025	2256.642	14620	-102.7	-98.6	241	242	2.570395783			
2.91	5.602	2256.646	15470	-101.3	-97.8	243	244	2.238721139			
3.008	6.168	2256.65		15840	-100.8	-96.9	245	246	2.454708916			
3.155	5.67	2256.638	17200	-101.5	-96.7	247	248	3.01995172			
3.267	5.97	2256.64		17850	-101.6	-96.7	249	250	3.090295433			
3.433	6.426	2256.646	18300	-99.9	-95.7	251	252	2.630267992			
3.571	6.101	2256.638	19710	-100.4	-95.3	253	254	3.235936569			
3.703	6.43	2256.64		20050	-100.7	-94.8	255	256	3.89045145			
3.84	6.151	2256.634	20820	-100.1	-94.7	257	258	3.467368505			
4.011	5.672	2256.626	20820	-100.9	-95.6	260	259	3.388441561			
4.124	6.29	2256.648	22050	-100.9	-95.1	261	262	3.801893963			
4.289	6.425	2256.648	22700	-100	-94.4	263	264	3.630780548			
4.455	6.6	2256.646	23500	-100.9	-94.7	265	266	4.168693835			
4.956	6.17	2256.634	25100	-100.9	-94.3	267	268	4.570881896			
4.761	6.15	2256.63		26100	-100.4	-93.7	269	270	4.677351413			
4.914	6.356	2256.634	26700	-100.4	-93.8	271	272	4.570881896			
5.071	same	2256.632	27900	-100.7	-93.1	273	274	5.754399373			
5.175	same	2256.636	27410	-99.8	-93	275	276	4.786300923			
5.305	same	2256.632	28000	-98.5	-92.8	277	278	3.715352291			
5.455	same	2256.628	30300	-99.8	-92.5	279	280	5.370317964			
5.609	same	2256.626	31200	-99.4	-97.2	281	282	1.659586907			
5.749	same	2256.626	31500	-99.5	-92.1	283	284	5.495408739			
5.883	same	2256.624	32500	-99.2	-91.6	285	286	5.754399373			
5.999	same	2256.622	33200	-99.4	-91.4	287	288	6.309573445			
6.164	same	2256.62		32600	-99.8	-91.1	289	290	7.413102413			
6.312	same	2256.616	35600	-99.5	-90.8	291	292	7.413102413			
6.437	same	2256.616	37000	-98.8	-90.5	293	294	6.760829754			
6.6	same	2256.614	38200	-99.1	-90.3	295	296	7.58577575			
6.77	same	2256.612	40800	-98.7	-89.7	297	298	7.943282347			
6.9	same	2256.612	41700	-98.2	-89.4	299	300	7.58577575			
7	same	2256.612	42700	-98.2	-89	301	302	8.317637711			
7.15	same	2256.612	44000	-97.8	-88.6	303	304	8.317637711			
7.28	same	2256.61		46600	-97	-88.2	305	306	7.58577575			
7.45	same	2256.61		49000	-97.3	-87.3	307	308	10			
7.61	same	2256.612	51300	-97.7	-87.2	309	310	11.22018454			
7.74	same	2256.61		54000	-97.7	-86.9	312	313	12.02264435			
7.9	same	2256.61		56600	-97.4	-86.5	314	315	12.30268771			
8.02	same	2256.608	59500	-97	-85.6	316	317	13.80384265			
8.19	same	2256.612	62800	-92.779	-84.7	318	319	6.4253975			
8.31	same	2256.608	70000	-89.77	-84.1	321	322	3.689775986			
8.48	same	2256.604	75600	-91.4	-82.7	323	324	7.413102413			
8.57	same	2256.602	79600	-91	-80.89	325	326	10.25651926			
8.67	same	2256.602	78400	-91.6	-81.6	327	328	10			
8.83	same	2256.602	80400	-90	-80.77	333	334	8.375292821			
8.93	same	2256.606	83300	-89.7	-80.4	335	336	8.511380382			
9	same	2256.606	80100	-88	-81.9	337	338	4.073802778			
9.07	same	2256.604	88500	-90.4	-81.2	339	340	8.317637711			
9.23	same	2256.6		94300	-89.5	-80.6	341	342	7.762471166			
9.36	same	2256.598	92200	-88.8	-77.9	343	344	12.30268771			
9.49	same	2256.598	105900	-86.4	-77.3	346	347	8.128305162			
9.61	same	2256.598	108800	-82.6	-76.3	349	350	4.265795188			
9.71	same	2256.6		112300	-83.6	-75.2	356	357	6.918309709
9.85	same	2256.6		115500	-80.1	-76.3	359	369	2.398832919			
9.92	same	2256.6		117100	-87.1	-74.7	361	362	17.37800829			
10	same	2256.602	120000	-82.7	-75.2	365	366	5.623413252			
10.14	same	2256.602	122700	-82	-70.2	369	369	15.13561248			
10.23	same	2256.604	124500	-40.74	-40.74	371	370	1	
8.03	same	2256.604	61700	-93.6	-84.3	372	373	8.511380382			
8.09	same	2256.604	62700	-90.2	-83.3	374	375	4.897788194			
8.22	same	2256.604	64900	-90.7	-84.7	376	377	3.981071706			
9.28	same	2256.598	97500	-86.167	-80.3	378	379	3.861001764			