2.296	6.58	2256.656	9760	-101.7	-98.7	235	236	1.995262315			
2.456	5.54	2256.644	12450	-102	-99.4	237	238	1.819700859			
2.596	5.95	2256.648	13680	-101.2	-97.3	239	240	2.454708916			
2.759	5.025	2256.642	14620	-102.7	-98.6	241	242	2.570395783			
2.91	5.602	2256.646	15470	-101.3	-97.8	243	244	2.238721139			
3.008	6.168	2256.65		15840	-100.8	-96.9	245	246	2.454708916			
3.155	5.67	2256.638	17200	-101.5	-96.7	247	248	3.01995172			
3.267	5.97	2256.64		17850	-101.6	-96.7	249	250	3.090295433			
3.433	6.426	2256.646	18300	-99.9	-95.7	251	252	2.630267992			
3.571	6.101	2256.638	19710	-100.4	-95.3	253	254	3.235936569			
3.703	6.43	2256.64		20050	-100.7	-94.8	255	256	3.89045145			
3.84	6.151	2256.634	20820	-100.1	-94.7	257	258	3.467368505			
4.011	5.672	2256.626	20820	-100.9	-95.6	260	259	3.388441561			
4.124	6.29	2256.648	22050	-100.9	-95.1	261	262	3.801893963			
4.289	6.425	2256.648	22700	-100	-94.4	263	264	3.630780548			
4.455	6.6	2256.646	23500	-100.9	-94.7	265	266	4.168693835			
4.956	6.17	2256.634	25100	-100.9	-94.3	267	268	4.570881896			
4.761	6.15	2256.63		26100	-100.4	-93.7	269	270	4.677351413			
4.914	6.356	2256.634	26700	-100.4	-93.8	271	272	4.570881896			
5.175	same	2256.636	27410	-99.8	-93	275	276	4.786300923			
5.071	same	2256.632	27900	-100.7	-93.1	273	274	5.754399373			
5.305	same	2256.632	28000	-98.5	-92.8	277	278	3.715352291			
5.455	same	2256.628	30300	-99.8	-92.5	279	280	5.370317964			
5.609	same	2256.626	31200	-99.4	-97.2	281	282	1.659586907			
5.749	same	2256.626	31500	-99.5	-92.1	283	284	5.495408739			
5.883	same	2256.624	32500	-99.2	-91.6	285	286	5.754399373			
6.164	same	2256.62		32600	-99.8	-91.1	289	290	7.413102413			
5.999	same	2256.622	33200	-99.4	-91.4	287	288	6.309573445			
6.312	same	2256.616	35600	-99.5	-90.8	291	292	7.413102413			
6.437	same	2256.616	37000	-98.8	-90.5	293	294	6.760829754			
6.6	same	2256.614	38200	-99.1	-90.3	295	296	7.58577575			
6.77	same	2256.612	40800	-98.7	-89.7	297	298	7.943282347			
6.9	same	2256.612	41700	-98.2	-89.4	299	300	7.58577575			
7	same	2256.612	42700	-98.2	-89	301	302	8.317637711			
7.15	same	2256.612	44000	-97.8	-88.6	303	304	8.317637711			
7.28	same	2256.61		46600	-97	-88.2	305	306	7.58577575			
7.45	same	2256.61		49000	-97.3	-87.3	307	308	10			
7.61	same	2256.612	51300	-97.7	-87.2	309	310	11.22018454			
7.74	same	2256.61		54000	-97.7	-86.9	312	313	12.02264435			
7.9	same	2256.61		56600	-97.4	-86.5	314	315	12.30268771			
8.02	same	2256.608	59500	-97	-85.6	316	317	13.80384265			
